%YAML:1.0
---
DataType: CameraCalibration
camera_matrix: !!opencv-matrix
   rows: 3
   cols: 3
   dt: d
   data: [ 780.59654943321061, 0., 725.41631311036292, 0.,
       787.48335313928726, 365.91238909585923, 0., 0., 1. ]
distortion_coefficients: !!opencv-matrix
   rows: 1
   cols: 5
   dt: d
   data: [ -0.42821680578579502, 0.24113832489954415,
       0.0012843130693534239, -0.0013305875136824417,
       -0.099768916530223725 ]
imageSize: !!opencv-matrix
   rows: 2
   cols: 1
   dt: d
   data: [ 1280., 720. ]
rvec_0: !!opencv-matrix
   rows: 3
   cols: 1
   dt: d
   data: [ 0.18921628427885315, -0.078863195457405458,
       -0.31706761887294999 ]
tvec_0: !!opencv-matrix
   rows: 3
   cols: 1
   dt: d
   data: [ -7.7065195465251088, -2.9240723883729456, 13.9897316281971 ]
rvec_1: !!opencv-matrix
   rows: 3
   cols: 1
   dt: d
   data: [ 0.59031711783446428, -0.15832570670258514,
       -0.018737161315598164 ]
tvec_1: !!opencv-matrix
   rows: 3
   cols: 1
   dt: d
   data: [ -5.4522358284432286, -5.1631140668326383, 15.895813167074017 ]
rvec_2: !!opencv-matrix
   rows: 3
   cols: 1
   dt: d
   data: [ 0.14629122345562615, -0.070458935281623322,
       -0.60925992959704667 ]
tvec_2: !!opencv-matrix
   rows: 3
   cols: 1
   dt: d
   data: [ -5.4228292603435282, 0.26998455974620572, 12.175305295054107 ]
rvec_3: !!opencv-matrix
   rows: 3
   cols: 1
   dt: d
   data: [ -0.15716723074518391, 0.11460607497012835,
       -0.22196094712757236 ]
tvec_3: !!opencv-matrix
   rows: 3
   cols: 1
   dt: d
   data: [ -3.3138365470792017, -1.0741285648131185, 15.456275545751456 ]
rvec_4: !!opencv-matrix
   rows: 3
   cols: 1
   dt: d
   data: [ -0.13162789601214231, -0.34964942760746309,
       0.055254489643596229 ]
tvec_4: !!opencv-matrix
   rows: 3
   cols: 1
   dt: d
   data: [ -4.0185008562115456, -1.0847080957731272, 14.473946810792182 ]
rvec_5: !!opencv-matrix
   rows: 3
   cols: 1
   dt: d
   data: [ 0.20797804696424993, -0.088041912373684666,
       0.32389286476972629 ]
tvec_5: !!opencv-matrix
   rows: 3
   cols: 1
   dt: d
   data: [ -5.4507870811531136, -5.9826780851444523, 15.133946248233404 ]
rvec_6: !!opencv-matrix
   rows: 3
   cols: 1
   dt: d
   data: [ 0.18015262108925589, 0.058609500023960689,
       0.36657681888311611 ]
tvec_6: !!opencv-matrix
   rows: 3
   cols: 1
   dt: d
   data: [ -3.3246104886626164, -5.2058499562108667, 13.980157875550262 ]
rvec_7: !!opencv-matrix
   rows: 3
   cols: 1
   dt: d
   data: [ 0.17659162671736425, 0.068443986105247739,
       0.039887689629270064 ]
tvec_7: !!opencv-matrix
   rows: 3
   cols: 1
   dt: d
   data: [ -4.5013041400613609, -2.0974889557267544, 13.337554079101793 ]
rvec_8: !!opencv-matrix
   rows: 3
   cols: 1
   dt: d
   data: [ 0.18146131476291877, -0.21868923363530976,
       -0.11746462377775756 ]
tvec_8: !!opencv-matrix
   rows: 3
   cols: 1
   dt: d
   data: [ -6.5816736058776213, -1.8831803675736229, 13.093724970287141 ]
rvec_9: !!opencv-matrix
   rows: 3
   cols: 1
   dt: d
   data: [ 0.18838825213789837, 0.0019874815754171459,
       0.0018008961677826055 ]
tvec_9: !!opencv-matrix
   rows: 3
   cols: 1
   dt: d
   data: [ -5.4852093962147519, -4.195445735300531, 14.322947572491673 ]
rvec_10: !!opencv-matrix
   rows: 3
   cols: 1
   dt: d
   data: [ 0.2079012905617782, -0.53575635235673058, -0.2228324283178762 ]
tvec_10: !!opencv-matrix
   rows: 3
   cols: 1
   dt: d
   data: [ -2.9820412418727229, -3.2209403509902712, 12.374753601038952 ]
rvec_11: !!opencv-matrix
   rows: 3
   cols: 1
   dt: d
   data: [ 0.13332094935981204, -0.039510798933326763,
       -0.11099922264145309 ]
tvec_11: !!opencv-matrix
   rows: 3
   cols: 1
   dt: d
   data: [ -7.21646909363756, -3.1093367525809712, 14.426078860497171 ]
rvec_12: !!opencv-matrix
   rows: 3
   cols: 1
   dt: d
   data: [ 0.092828623531573187, 0.03708319928267808,
       -0.025588085803367508 ]
tvec_12: !!opencv-matrix
   rows: 3
   cols: 1
   dt: d
   data: [ -4.816569841082246, -3.4014134245772798, 11.515085421680675 ]
rvec_13: !!opencv-matrix
   rows: 3
   cols: 1
   dt: d
   data: [ 0.076775479348724598, 0.17764642152795795,
       -0.38968645024849791 ]
tvec_13: !!opencv-matrix
   rows: 3
   cols: 1
   dt: d
   data: [ -3.4453089250049405, -1.8527799063380157, 15.100457840647193 ]
rvec_14: !!opencv-matrix
   rows: 3
   cols: 1
   dt: d
   data: [ 0.18241886424766923, -0.15717265674673506,
       0.39677025558637469 ]
tvec_14: !!opencv-matrix
   rows: 3
   cols: 1
   dt: d
   data: [ -6.0767154317256953, -4.7481093125067861, 11.328396281414692 ]
rvec_15: !!opencv-matrix
   rows: 3
   cols: 1
   dt: d
   data: [ 0.092796437897117209, -0.031804162560015198,
       -0.012967481908009757 ]
tvec_15: !!opencv-matrix
   rows: 3
   cols: 1
   dt: d
   data: [ -7.9405142032885223, -2.9767402453032137, 20.260579909311613 ]
rvec_16: !!opencv-matrix
   rows: 3
   cols: 1
   dt: d
   data: [ 0.040503679857866216, 0.59214317527522675,
       -0.11649195236911997 ]
tvec_16: !!opencv-matrix
   rows: 3
   cols: 1
   dt: d
   data: [ 1.0022527585034025, -3.1950330457619911, 19.562577364431586 ]
rvec_17: !!opencv-matrix
   rows: 3
   cols: 1
   dt: d
   data: [ 0.050394042644159233, -0.1366313081072853,
       0.64793587777178563 ]
tvec_17: !!opencv-matrix
   rows: 3
   cols: 1
   dt: d
   data: [ -6.5452391353866419, -5.1963249912104166, 13.626218425029592 ]
rvec_18: !!opencv-matrix
   rows: 3
   cols: 1
   dt: d
   data: [ 0.12931148682851784, -0.51595745195600329,
       -0.074094459235642798 ]
tvec_18: !!opencv-matrix
   rows: 3
   cols: 1
   dt: d
   data: [ -1.9082545387551066, -2.0953031402545137, 12.984520466561516 ]
rvec_19: !!opencv-matrix
   rows: 3
   cols: 1
   dt: d
   data: [ 0.15403325006868487, -0.1652422889855748, 0.54351019796439437 ]
tvec_19: !!opencv-matrix
   rows: 3
   cols: 1
   dt: d
   data: [ -8.087999870612661, -6.0894246489883672, 15.193381327649778 ]
rvec_20: !!opencv-matrix
   rows: 3
   cols: 1
   dt: d
   data: [ 0.13843539187616011, 0.15310300173357802, 0.48160159954132636 ]
tvec_20: !!opencv-matrix
   rows: 3
   cols: 1
   dt: d
   data: [ -1.5963652670088051, -4.5210097922352093, 17.854573031713752 ]
